"""Reference covariance matrix for FSRS-6-recency (21 params)."""

FSRS6_RECENCY_COVARIANCE_21 = [
    [0.9642076199291478, -0.5292868704864732, -0.049966461513558005, -0.0677452128762764, -0.07344767208808632, 0.08608800179946072, -0.030717573802218037, -0.3707881667390443, -2.324717847663287, -0.08974150661616466, 2.2146918666289706, 0.48453515732160024, 0.3502236414770872, -1.3684925819231473, 0.3407307819917902, 0.5396970420261883, 0.040853150361733814, 0.9160084309492581, -0.366705557980112, 2.7596488164757695, -0.8060423408429267],
    [-0.5292868704864733, 1.576763538659613, -1.0669188545638004, 0.11817666571546977, 0.03948782278348819, 0.09436652658476248, -0.07467997078131905, -1.0184598514982994, -1.6344921401979373, -0.6473769390368128, 1.2936144002226244, 0.43250852961296565, 1.4890547803134415, -0.5998941211155123, 0.22128156749728695, -0.577620653067078, -0.3195229084462096, 0.2034570729512112, -0.34718018669892964, -0.28076176195455654, 0.6619653107926797],
    [-0.04996646151355802, -1.0669188545638004, 2.2300238088256896, -0.9821661290759721, 0.3668070103586773, -1.3580913920069888, 0.12256849342557145, 1.611205290967973, -0.6386456202891283, -0.33485401957863997, -0.45258868363707383, -0.4207168576152878, -1.9764389104767017, -0.5301108811904143, 0.24265773185634087, -0.12411585674430449, 0.7685017027831054, 0.5336159915732743, -0.8476400467014601, -0.8757171097902565, -0.1469402718247468],
    [-0.06774521287627636, 0.11817666571546974, -0.9821661290759721, 1.4816467328033016, -0.2821225665862465, -0.1249664628582213, -0.0721417253526254, -0.20695270557926, -1.4282986642982372, -0.20361945327992648, 0.6707906226934536, 0.5463391477094511, -0.8748584931223161, -0.34616063408170733, -0.28930433225080915, 0.3305879734047459, -1.1122445999439936, -0.797203898189469, 0.5736787618276687, 0.4104169780556017, 0.4684314317702508],
    [-0.07344767208808628, 0.03948782278348821, 0.3668070103586772, -0.2821225665862465, 116.96146005085477, 14.575971088838243, -2.5149149193879707, -40.69933439575411, -98.42695383633787, 15.214728077277973, 158.4776748853509, -8.50349540257217, 21.795951207421876, 14.840712372919091, 2.4710520489952565, -6.784959051297896, -4.3937724088750665, 7.951393133154536, 2.245757685634361, 4.426725519057902, -9.173767514336943],
    [0.08608800179946063, 0.09436652658476243, -1.3580913920069888, -0.12496646285822124, 14.575971088838239, 90.83583036508999, 5.835770964320281, 11.453275129345403, -65.93902515900946, 6.526039273091304, 50.06775117646772, -47.01794891736816, -12.842308435336056, 28.906435880955375, 9.412135481342402, -5.854168395481749, 4.532835051618208, 7.6513432941624835, -5.180795148125529, 9.682210998011154, 4.582926024262773],
    [-0.0307175738022181, -0.07467997078131906, 0.12256849342557145, -0.0721417253526254, -2.5149149193879707, 5.83577096432028, 58.21264573333182, 40.97174920648251, 2.1292285606884986, 6.107562937238473, -2.931334912177949, 28.985170777373426, 51.66285799775588, -9.895192923696348, -10.018191187759664, 12.526786083559765, 1.7957607543354284, -3.4677304768683204, 2.0198889211407183, 3.358728563663443, -1.1853492832905204],
    [-0.3707881667390443, -1.0184598514982994, 1.611205290967973, -0.20695270557926, -40.6993343957541, 11.453275129345407, 40.97174920648251, 466.88684479363815, 26.885325054865643, -5.501026905444395, -83.31203342129906, 76.97784080465685, -45.51046887287256, -50.133664658166005, -20.656158441845502, 0.5382696600328917, 5.032616304241408, 3.6382871752376396, -9.548783267626353, -11.881232178945181, 20.49238702160419],
    [-2.324717847663287, -1.634492140197937, -0.6386456202891283, -1.4282986642982374, -98.42695383633783, -65.93902515900946, 2.1292285606884964, 26.88532505486564, 1363.6276645282085, 31.573925973173015, -1428.326650504489, -300.20959072482077, -61.70759968105245, 214.6018370095026, 67.03468000823246, -4.397082845325947, 11.316455373446054, 23.429637723430524, -13.38636131022383, 62.8754113825242, -21.743560614384293],
    [-0.08974150661616465, -0.6473769390368128, -0.33485401957864, -0.20361945327992648, 15.21472807727796, 6.526039273091306, 6.107562937238473, -5.501026905444398, 31.573925973173015, 91.64374482204222, 7.076363878055038, -40.04044860814378, 2.0003608210164425, 10.350670466852888, 6.3289769189032405, 3.646762508175265, 1.9134490024736999, 1.2747456495453016, -6.461235200863051, -10.496421990370694, 5.373591068296743],
    [2.21469186662897, 1.2936144002226244, -0.4525886836370739, 0.6707906226934534, 158.47767488535086, 50.06775117646772, -2.931334912177948, -83.31203342129906, -1428.3266505044887, 7.076363878055038, 1580.8567890917705, 309.5774166525781, 81.27358187511481, -219.69311650705643, -69.89426784287097, -0.2811809739384885, -20.046860469263095, -25.905109245409182, 8.459446428119847, -66.18558151521903, 27.316908917104488],
    [0.4845351573216, 0.43250852961296543, -0.4207168576152876, 0.5463391477094512, -8.503495402572174, -47.017948917368166, 28.985170777373426, 76.97784080465688, -300.2095907248207, -40.04044860814378, 309.5774166525781, 1663.9563530697947, 993.8916704727578, -808.0928022934263, -223.7694060837281, -13.81367358563235, -9.453153727887235, 37.576685881090086, -39.686778149963324, -32.70977191784395, -13.11484406818145],
    [0.35022364147708723, 1.4890547803134415, -1.9764389104767022, -0.8748584931223161, 21.795951207421883, -12.842308435336054, 51.66285799775588, -45.51046887287257, -61.70759968105248, 2.0003608210164425, 81.27358187511491, 993.891670472758, 3419.933745453471, -270.36927853604556, 17.50817992004308, -5.8311737764206795, -9.236848933990554, 15.255355238622924, -31.40641294677296, 0.6721846324584263, -4.486038119576366],
    [-1.368492581923147, -0.5998941211155123, -0.5301108811904144, -0.34616063408170733, 14.840712372919093, 28.90643588095538, -9.895192923696348, -50.13366465816602, 214.6018370095026, 10.350670466852884, -219.69311650705643, -808.0928022934263, -270.36927853604556, 566.1059425149464, 59.18954859818952, 12.730404923951292, 1.2622325345937857, -2.9941367470541436, 4.390221839483829, 52.20428036455683, -24.07537194880361],
    [0.3407307819917901, 0.22128156749728697, 0.24265773185634093, -0.2893043322508091, 2.4710520489952583, 9.4121354813424, -10.018191187759665, -20.656158441845506, 67.03468000823246, 6.3289769189032405, -69.89426784287099, -223.7694060837281, 17.50817992004308, 59.18954859818951, 162.07757287557578, 0.738613466786995, 0.7155341248785119, -6.38755205168815, 21.50921424970878, -5.197968441806941, 4.43057128766355],
    [0.5396970420261885, -0.577620653067078, -0.12411585674430446, 0.3305879734047459, -6.784959051297896, -5.85416839548175, 12.526786083559765, 0.5382696600328919, -4.397082845325946, 3.646762508175265, -0.2811809739384884, -13.81367358563235, -5.831173776420679, 12.730404923951292, 0.7386134667869947, 38.9118084220077, 6.380758617057743, 0.5492261854092841, 0.26163437697282355, 9.874264103244634, -2.5571090521845807],
    [0.040853150361733814, -0.31952290844620956, 0.7685017027831051, -1.1122445999439936, -4.393772408875066, 4.532835051618207, 1.7957607543354284, 5.032616304241408, 11.316455373446054, 1.9134490024736999, -20.046860469263095, -9.453153727887235, -9.236848933990553, 1.2622325345937857, 0.7155341248785122, 6.380758617057743, 14.029530449968219, -3.4865505859577497, 0.07436223366938235, 0.8378630794832573, 0.9741601816972483],
    [0.9160084309492581, 0.20345707295121124, 0.5336159915732743, -0.797203898189469, 7.951393133154539, 7.651343294162486, -3.467730476868317, 3.6382871752376404, 23.429637723430528, 1.2747456495453005, -25.905109245409182, 37.576685881090086, 15.255355238622927, -2.9941367470541422, -6.38755205168815, 0.5492261854092826, -3.4865505859577506, 48.9956183946483, -21.369112471195617, -7.723214556501775, 2.1554719306851533],
    [-0.3667055579801121, -0.34718018669892964, -0.8476400467014602, 0.5736787618276687, 2.2457576856343624, -5.180795148125532, 2.0198889211407174, -9.548783267626352, -13.38636131022383, -6.461235200863053, 8.459446428119849, -39.686778149963324, -31.406412946772967, 4.390221839483826, 21.50921424970878, 0.2616343769728226, 0.07436223366938252, -21.36911247119562, 73.72788425740029, -39.17444080179552, -10.451621370942696],
    [2.7596488164757695, -0.2807617619545565, -0.8757171097902565, 0.41041697805560173, 4.426725519057902, 9.68221099801115, 3.358728563663442, -11.881232178945181, 62.875411382524206, -10.496421990370694, -66.18558151521904, -32.709771917843945, 0.6721846324584272, 52.204280364556816, -5.197968441806943, 9.874264103244634, 0.8378630794832577, -7.723214556501776, -39.17444080179552, 246.6695725664135, -52.17455265546974],
    [-0.8060423408429266, 0.66196531079268, -0.14694027182474678, 0.4684314317702508, -9.173767514336943, 4.582926024262772, -1.185349283290524, 20.492387021604188, -21.743560614384297, 5.373591068296747, 27.316908917104495, -13.114844068181451, -4.486038119576367, -24.075371948803607, 4.4305712876635575, -2.5571090521845825, 0.9741601816972483, 2.155471930685156, -10.451621370942696, -52.17455265546977, 116.74881501935052],
]

FSRS6_RECENCY_INV_COVARIANCE_21 = [
    [2.3426019482837237, 1.714387630606265, 1.3837941643069236, 0.9442754853939266, -0.03799476391998577, 0.062151231117331646, -0.01928539468192776, 0.008769560248363534, 0.11406812470145478, -0.018462475296490227, 0.09953338471560053, 0.021888322813321676, -0.002318916728085412, 0.0355732255057285, -0.0026265944084666176, 0.010791558440098825, 0.04218269984704262, -0.06672735458820103, 0.015843054663614298, -0.03113456947539439, -0.005523381754519274],
    [1.714387630606254, 2.4964387947243374, 1.906073623183139, 1.2334535843160583, -0.061889062198404066, 0.08303425349330312, -0.030275665685787892, 0.0121921831026955, 0.1586350180129208, -0.02515241415818259, 0.14267725032579082, 0.018061080841646288, -0.0012178127639121336, 0.02879128593257091, -0.007742859392079762, 0.032492058219516326, 0.06341368117106488, -0.04367267629693011, 0.03725014853580361, -0.019882270107764777, -0.014468546332067511],
    [1.383794164306916, 1.9060736231831443, 2.1690313503936243, 1.4475195231121147, -0.0703053730873392, 0.08967753294828837, -0.028927215283551175, 0.01020082740871868, 0.16839420271873684, -0.03162979963258508, 0.1532454006683187, 0.014619021355038953, -0.00023396879599005271, 0.02330291197514156, -0.008496420800915463, 0.02761486542772275, 0.06186367432095485, -0.02831906993048506, 0.041248707101595394, -0.014289872554564431, -0.013819692575026687],
    [0.9442754853939248, 1.2334535843160668, 1.4475195231121183, 1.7486000462120073, -0.058223966683284, 0.059860860959258605, -0.014621683886743536, 0.008599600924447379, 0.14191535125697596, -0.032343057260730085, 0.13184503270250264, 0.008572257061071703, 0.0003474558768034805, 0.015665867082666346, -0.00340195544855168, -0.0038686538949645397, 0.1336831704465402, 0.004836883817830815, 0.026380245564893212, -0.01159154197574322, -0.016953148014803632],
    [-0.037994763919986754, -0.06188906219840709, -0.07030537308734189, -0.05822396668328614, 0.01949336721542808, -0.00727911509442648, 0.001411770588136296, -0.000706658852933007, -0.019973356224471477, 0.0044474912393950555, -0.020004508204790973, -0.00032497978747308195, -0.0001255848513505881, -0.001117568538330893, 6.75920056460843e-05, 0.0008202013280124661, -0.0084697685723089, -0.004586400205875119, -0.004238475682258021, -0.00011792894109315805, 0.0024124445485323096],
    [0.06215123111733233, 0.08303425349330545, 0.08967753294829033, 0.059860860959260104, -0.007279115094426412, 0.019910906325491626, -0.004420763065374211, 0.0008467809509371078, 0.01722661471590865, -0.005690032644475627, 0.015235558732634068, 0.00022929901354609358, 0.00011992817003160538, -0.0005204411378647664, -0.0017995373747629127, 0.006811774588772042, -0.0016493272993791074, -0.0036968053761499402, 0.002336786695809164, -0.0018534318113085108, -0.002207251094542173],
    [-0.019285394681927956, -0.030275665685788454, -0.028927215283551733, -0.014621683886744171, 0.0014117705881362737, -0.004420763065374209, 0.021949659105366354, -0.0021818936118663647, -0.005050409735323384, 0.0001863494827371668, -0.00436951254594105, 8.580609854029605e-05, -0.0004182919341061607, 0.00042587339404245124, 0.0019836482396446984, -0.008738960543730585, 0.001654027504312464, 0.002612298640860275, -0.0018253551031663833, 0.00022095384981121648, 0.0007122820020110388],
    [0.008769560248363738, 0.01219218310269609, 0.010200827408719207, 0.008599600924447852, -0.0007066588529330096, 0.0008467809509371221, -0.002181893611866369, 0.002700503927817993, 0.003471140679923258, -0.0009657578593194459, 0.003338550713574311, -0.00010104248698032821, 0.00010878307726440545, 8.857136425338111e-05, -9.050021993182165e-05, 0.0009697624331529823, 0.000891665275810243, -1.9149945124774507e-05, 0.0006869541215308839, -5.6344662666882143e-05, -0.0006404071895419264],
    [0.11406812470145722, 0.15863501801292837, 0.1683942027187434, 0.14191535125698124, -0.019973356224471474, 0.017226614715908802, -0.005050409735323427, 0.003471140679923247, 0.04993157805344799, -0.016052952178532216, 0.04671410691390208, 3.292807126953172e-05, 0.0002904992298518685, 0.00020160541454377137, -0.001783597555330388, 0.005006950634694944, 0.020627308622205145, 0.0027358908591118593, 0.006637613968189127, -0.0018487326535439955, -0.004488364432816763],
    [-0.018462475296491317, -0.025152414158185313, -0.031629799632587524, -0.032343057260732215, 0.004447491239395075, -0.005690032644475699, 0.00018634948273718566, -0.0009657578593194464, -0.016052952178532264, 0.017484522335676527, -0.014906023278571164, 0.001262155903195748, -0.0002912974513284092, 0.0015287829304427801, 0.0009336591125571449, -0.0027907354835450767, -0.007245121442622816, -0.0010433771932937689, 0.00021630892660502374, 0.0013939074680845735, 0.00161386747613039],
    [0.09953338471560322, 0.14267725032579856, 0.15324540066832545, 0.131845032702508, -0.020004508204790994, 0.015235558732634246, -0.004369512545941103, 0.003338550713574307, 0.04671410691390215, -0.014906023278571134, 0.04465331528954731, 6.882532917122999e-05, 0.0002693708631926043, 0.000607650139239739, -0.0011951301294275624, 0.0036232287617179336, 0.02127285747901299, 0.004006270326235786, 0.0064583287121051935, -0.0013308723785694157, -0.004319979384875286],
    [0.021888322813321454, 0.01806108084164619, 0.014619021355038736, 0.008572257061070718, -0.0003249797874730546, 0.00022929901354607754, 8.580609854029963e-05, -0.00010104248698033179, 3.2928071269460596e-05, 0.0012621559031957721, 6.88253291711606e-05, 0.004708763749923016, -0.0008946816196128502, 0.006035764727366003, 0.004080486187849728, -0.0007153428192153943, 0.0013474961181293688, -0.002885028614830701, 0.00013771616312491589, -0.0004512575229025967, 0.0013701284851482375],
    [-0.0023189167280853046, -0.001217812763911943, -0.00023396879598985517, 0.00034745587680385867, -0.0001255848513506002, 0.0001199281700316143, -0.0004182919341061625, 0.00010878307726440713, 0.0002904992298519021, -0.0002912974513284162, 0.00026937086319263266, -0.0008946816196128479, 0.0004887630007210636, -0.0009752973753397354, -0.0009353506819568482, 0.0002473335553829958, 2.3705106217755353e-05, 0.0004999370356092955, 0.00021716925827832876, 7.282652809362524e-05, -0.0002435977500138669],
    [0.035573225505728494, 0.028791285932571204, 0.02330291197514166, 0.015665867082665385, -0.0011175685383308688, -0.0005204411378647751, 0.00042587339404245254, 8.857136425337872e-05, 0.0002016054145437124, 0.0015287829304428077, 0.0006076501392396783, 0.0060357647273660085, -0.0009752973753397389, 0.00996709696200868, 0.004625235281749677, -0.0021223914696149654, 0.003108296829393259, -0.0032628748914593623, 0.00032084957952996547, -0.0008672852265142403, 0.0019445641442180778],
    [-0.0026265944084668653, -0.007742859392080159, -0.008496420800915902, -0.0034019554485526775, 6.759200564609123e-05, -0.0017995373747629185, 0.0019836482396447014, -9.050021993182192e-05, -0.0017835975553304171, 0.0009336591125571492, -0.0011951301294275823, 0.004080486187849727, -0.000935350681956849, 0.004625235281749674, 0.01089234298346955, -0.001807786203967233, 0.0016223346534296565, -0.0014332251671540278, -0.002520919900973977, -0.00023900560554332667, 0.0006488913615538194],
    [0.010791558440098936, 0.03249205821951674, 0.027614865427723023, -0.003868653894964172, 0.0008202013280125334, 0.006811774588772012, -0.008738960543730584, 0.000969762433152972, 0.005006950634694795, -0.0027907354835450303, 0.003623228761717781, -0.0007153428192154128, 0.0002473335553830039, -0.0021223914696149905, -0.0018077862039672492, 0.03493623072431402, -0.017801267665495092, -0.005150078108828968, -0.0007439809687981034, -0.0019650873121976027, -0.0006840394425023759],
    [0.04218269984704387, 0.06341368117106838, 0.06186367432095789, 0.13368317044654243, -0.00846976857230889, -0.00164932729937905, 0.0016540275043124652, 0.0008916652758102289, 0.020627308622205125, -0.007245121442622761, 0.021272857479012943, 0.0013474961181294985, 2.3705106217692794e-05, 0.0031082968293933942, 0.0016223346534297578, -0.017801267665495044, 0.10387166286212654, 0.012981794496724876, 0.004892370927245451, 0.0006269388313994498, -0.002116059785282648],
    [-0.06672735458820096, -0.043672676296929426, -0.028319069930484532, 0.0048368838178317955, -0.004586400205875166, -0.0036968053761498956, 0.0026122986408602567, -1.9149945124767283e-05, 0.0027358908591119824, -0.0010433771932938114, 0.0040062703262359, -0.0028850286148306755, 0.0004999370356092881, -0.0032628748914593246, -0.001433225167154011, -0.005150078108828952, 0.012981794496724996, 0.032062679624779315, 0.009623462411613087, 0.004110220061282198, 0.00012860938505372677],
    [0.015843054663615012, 0.03725014853580526, 0.041248707101596796, 0.026380245564894527, -0.0042384756822580645, 0.0023367866958092258, -0.0018253551031664082, 0.0006869541215308917, 0.006637613968189258, 0.00021630892660499598, 0.0064583287121052916, 0.00013771616312493497, 0.00021716925827832182, 0.00032084957952998455, -0.0025209199009739707, -0.0007439809687980708, 0.004892370927245529, 0.00962346241161307, 0.021312838895789755, 0.004237270462782096, 0.0027479327475493365],
    [-0.03113456947539492, -0.01988227010776538, -0.01428987255456492, -0.011591541975743346, -0.00011792894109317279, -0.0018534318113085115, 0.00022095384981121583, -5.634466266687965e-05, -0.001848732653543966, 0.001393907468084555, -0.001330872378569387, -0.0004512575229026032, 7.282652809362689e-05, -0.0008672852265142468, -0.00023900560554332765, -0.001965087312197602, 0.000626938831399471, 0.004110220061282219, 0.004237270462782104, 0.006157319679270446, 0.0026940346909755768],
    [-0.005523381754519749, -0.014468546332068205, -0.013819692575027525, -0.01695314801480431, 0.002412444548532309, -0.002207251094542189, 0.0007122820020110436, -0.0006404071895419257, -0.004488364432816765, 0.0016138674761303853, -0.004319979384875276, 0.0013701284851482263, -0.00024359775001386397, 0.0019445641442180654, 0.0006488913615538148, -0.0006840394425023794, -0.0021160597852826813, 0.00012860938505373452, 0.002747932747549343, 0.0026940346909755854, 0.011127538620643912],
]
FSRS6_RECENCY_DIM = 21
FSRS6_RECENCY_MAHALANOBIS_SHARED_PRESET_THRESHOLD = 3.8
